20090101
20090126
20090127
20090501
20090505
20091002
20091225
20091231
20100101
20100215
20100301
20100505
20100521
20100602
20100921
20100922
20100923
20101231
20110202
20110203
20110204
20110301
20110505
20110510
20110606
20110815
20110912
20110913
20111003
20111230
20120123
20120124
20120301
20120411
20120501
20120528
20120606
20120815
20121001
20121003
20121219
20121225
20121231
20130101
20130211
20130301
20130501
20130517
20130606
20130815
20130918
20130919
20130920
20131003
20131009
20131225
20131231
20140101
20140130
20140131
20140501
20140505
20140506
20140604
20140606
20140815
20140908
20140909
20140910
20141003
20141009
20141225
20141231
20150101
20150218
20150219
20150220
20150501
20150505
20150525
20150814
20150928
20150929
20151009
20151225
20151231
20160101
20160208
20160209
20160210
20160301
20160413
20160505
20160506
20160606
20160815
20160914
20160915
20160916
20161003
20161230
20170127
20170130
20170301
20170501
20170503
20170505
20170509
20170606
20170815
20171002
20171003
20171004
20171005
20171006
20171009
20171220
20171225
20171229
